0.00  30.79  2700.00 0.00e+00 0.00e+00     4.50     4.50   5.00
0.12  30.79  2700.00 2.73e-03 0.00e+00     6.79     4.50   5.00
0.25  30.79  2700.00 8.20e-03 4.84e+05    12.87     4.50   5.00
0.37  30.79  2700.00 1.11e-02 4.91e+05    15.41     4.50   5.00
0.49  30.79  2700.00 1.12e-02 4.98e+05    16.87     4.50   5.00
0.62  30.79  2700.00 3.33e-02 5.05e+05    18.20     4.50   5.00
0.74  30.79  2700.00 3.40e-02 5.14e+05    19.45     4.50   5.00
0.86  30.79  2700.00 5.52e-02 5.23e+05    20.54     4.50   5.00
0.99  30.79  2700.00 6.71e-02 5.33e+05    21.50     4.50   5.00
1.11  30.79  2700.00 1.02e-01 5.43e+05    22.44     4.50   5.00
1.23  30.79  2700.00 1.70e-01 5.55e+05    23.36     4.50   5.00
1.35  30.79  2700.00 1.96e-01 5.67e+05    24.22     4.50   5.00
1.48  30.78  2697.48 2.63e-01 5.78e+05    25.03     4.50   5.00
1.60  30.77  2694.12 2.72e-01 5.89e+05    25.79     4.50   4.99
1.72  30.75  2690.77 3.49e-01 5.99e+05    26.50     4.50   4.98
1.85  30.74  2687.42 4.05e-01 6.10e+05    27.18     4.50   4.98
1.97  30.73  2684.08 4.79e-01 6.20e+05    27.82     4.50   4.97
2.09  30.71  2680.74 5.24e-01 6.31e+05    28.43     4.50   4.96
2.22  30.70  2677.40 5.86e-01 6.41e+05    29.02     4.50   4.96
2.34  30.69  2674.07 6.53e-01 6.51e+05    29.58     4.50   4.95
2.46  30.67  2670.74 7.31e-01 6.61e+05    30.13     4.50   4.95
2.58  30.66  2667.42 8.11e-01 6.72e+05    30.66     4.50   4.94
2.71  30.65  2664.10 8.79e-01 6.82e+05    31.17     4.50   4.93
2.83  30.63  2660.78 9.75e-01 6.92e+05    31.67     4.50   4.93
2.95  30.62  2657.47 1.05e+00 7.02e+05    32.15     4.50   4.92
3.07  30.61  2654.15 1.21e+00 7.11e+05    32.63     4.50   4.92
3.20  30.59  2650.85 1.28e+00 7.21e+05    33.09     4.50   4.91
3.32  30.58  2647.53 1.49e+00 7.31e+05    33.54     4.50   4.90
3.44  30.57  2644.23 1.58e+00 7.40e+05    33.98     4.50   4.90
3.56  30.55  2640.90 1.83e+00 7.50e+05    34.41     4.50   4.89
3.69  30.54  2637.60 1.96e+00 7.59e+05    34.83     4.50   4.88
3.81  30.53  2634.29 2.18e+00 7.69e+05    35.25     4.50   4.88
3.93  30.51  2630.98 2.36e+00 7.78e+05    35.65     4.50   4.87
4.05  30.50  2627.67 2.56e+00 7.87e+05    36.05     4.50   4.87
4.17  30.49  2624.36 2.77e+00 7.97e+05    36.44     4.50   4.86
4.30  30.47  2621.05 3.01e+00 8.06e+05    36.83     4.50   4.85
4.42  30.46  2617.74 3.22e+00 8.15e+05    37.21     4.50   4.85
4.54  30.44  2614.43 3.45e+00 8.24e+05    37.58     4.50   4.84
4.66  30.43  2611.12 3.70e+00 8.33e+05    37.95     4.50   4.84
4.78  30.42  2607.78 4.03e+00 8.42e+05    38.32     4.50   4.83
4.90  30.40  2604.46 4.33e+00 8.51e+05    38.68     4.50   4.82
5.03  30.39  2601.15 4.56e+00 8.59e+05    39.03     4.50   4.82
5.15  30.38  2597.82 4.86e+00 8.68e+05    39.38     4.50   4.81
5.27  30.36  2594.52 5.07e+00 8.77e+05    39.72     4.50   4.81
5.39  30.35  2591.18 5.40e+00 8.86e+05    40.07     4.50   4.80
5.51  30.34  2587.86 5.68e+00 8.95e+05    40.40     4.50   4.79
5.63  30.32  2584.52 6.00e+00 9.03e+05    40.74     4.50   4.79
5.75  30.31  2581.21 6.25e+00 9.12e+05    41.07     4.50   4.78
5.88  30.29  2577.88 6.56e+00 9.20e+05    41.39     4.50   4.77
6.00  30.28  2574.55 6.86e+00 9.29e+05    41.72     4.50   4.77
6.12  30.27  2571.22 7.16e+00 9.38e+05    42.04     4.50   4.76
6.24  30.25  2567.91 7.41e+00 9.46e+05    42.35     4.50   4.76
6.36  30.24  2564.58 7.70e+00 9.55e+05    42.67     4.50   4.75
6.48  30.23  2561.24 8.02e+00 9.63e+05    42.98     4.50   4.74
6.60  30.21  2557.94 8.26e+00 9.72e+05    43.29     4.50   4.74
6.72  30.20  2554.60 8.56e+00 9.80e+05    43.59     4.50   4.73
6.84  30.18  2551.27 8.86e+00 9.89e+05    43.90     4.50   4.73
6.96  30.17  2547.95 9.15e+00 9.97e+05    44.20     4.50   4.72
7.08  30.16  2544.61 9.45e+00 1.01e+06    44.50     4.50   4.71
7.21  30.14  2541.30 9.71e+00 1.01e+06    44.79     4.50   4.71
7.33  30.13  2537.96 1.00e+01 1.02e+06    45.09     4.50   4.70
7.45  30.11  2534.65 1.03e+01 1.03e+06    45.38     4.50   4.69
7.57  30.10  2531.29 1.06e+01 1.04e+06    45.67     4.50   4.69
7.69  30.09  2527.99 1.09e+01 1.05e+06    45.96     4.50   4.68
7.81  30.07  2524.64 1.12e+01 1.06e+06    46.25     4.50   4.68
7.93  30.06  2521.31 1.15e+01 1.07e+06    46.54     4.50   4.67
8.05  30.04  2517.97 1.18e+01 1.07e+06    46.82     4.50   4.66
8.17  30.03  2514.62 1.21e+01 1.08e+06    47.11     4.50   4.66
8.29  30.02  2511.29 1.24e+01 1.09e+06    47.39     4.50   4.65
8.41  30.00  2507.95 1.27e+01 1.10e+06    47.67     4.50   4.65
8.53  29.99  2504.62 1.30e+01 1.11e+06    47.95     4.50   4.64
8.65  29.97  2501.26 1.33e+01 1.12e+06    48.23     4.50   4.63
8.77  29.96  2497.94 1.36e+01 1.13e+06    48.50     4.50   4.63
8.89  29.94  2494.58 1.39e+01 1.14e+06    48.78     4.50   4.62
9.01  29.93  2491.25 1.42e+01 1.14e+06    49.05     4.50   4.61
9.13  29.92  2487.90 1.45e+01 1.15e+06    49.32     4.50   4.61
9.25  29.90  2484.54 1.48e+01 1.16e+06    49.59     4.50   4.60
9.37  29.89  2481.20 1.51e+01 1.17e+06    49.86     4.50   4.60
9.49  29.87  2477.83 1.55e+01 1.18e+06    50.13     4.50   4.59
9.61  29.86  2474.50 1.58e+01 1.19e+06    50.40     4.50   4.58
9.73  29.84  2471.12 1.61e+01 1.20e+06    50.66     4.50   4.58
9.84  29.83  2467.77 1.64e+01 1.21e+06    50.93     4.50   4.57
9.96  29.82  2464.42 1.67e+01 1.21e+06    51.19     4.50   4.56
10.08  29.80  2461.05 1.71e+01 1.22e+06    51.45     4.50   4.56
10.20  29.79  2457.72 1.73e+01 1.23e+06    51.71     4.50   4.55
10.32  29.77  2454.32 1.77e+01 1.24e+06    51.97     4.50   4.55
10.44  29.76  2450.96 1.80e+01 1.25e+06    52.23     4.50   4.54
10.56  29.74  2447.57 1.84e+01 1.26e+06    52.49     4.50   4.53
10.68  29.73  2444.21 1.87e+01 1.27e+06    52.75     4.50   4.53
10.80  29.71  2440.86 1.90e+01 1.28e+06    53.00     4.50   4.52
10.92  29.70  2437.46 1.93e+01 1.29e+06    53.26     4.50   4.51
11.03  29.69  2434.08 1.97e+01 1.30e+06    53.51     4.50   4.51
11.15  29.67  2430.70 2.00e+01 1.30e+06    53.76     4.50   4.50
11.27  29.66  2427.34 2.03e+01 1.31e+06    54.02     4.50   4.50
11.39  29.64  2423.94 2.07e+01 1.32e+06    54.27     4.50   4.49
11.51  29.63  2420.55 2.10e+01 1.33e+06    54.52     4.50   4.48
11.63  29.61  2417.18 2.13e+01 1.34e+06    54.77     4.50   4.48
11.75  29.60  2413.77 2.17e+01 1.35e+06    55.02     4.50   4.47
11.86  29.58  2410.37 2.20e+01 1.36e+06    55.27     4.50   4.46
11.98  29.57  2406.98 2.24e+01 1.37e+06    55.52     4.51   4.46
12.10  29.55  2403.58 2.27e+01 1.38e+06    55.77     4.52   4.45
12.22  29.54  2400.19 2.30e+01 1.39e+06    56.01     4.54   4.45
12.34  29.52  2396.75 2.34e+01 1.40e+06    56.26     4.58   4.44
12.46  29.51  2393.36 2.37e+01 1.40e+06    56.51     4.67   4.43
12.57  29.49  2389.94 2.41e+01 1.41e+06    56.75     4.88   4.43
12.69  29.48  2386.50 2.45e+01 1.42e+06    57.00     5.28   4.42
12.81  29.46  2383.11 2.48e+01 1.43e+06    57.24     6.35   4.41
12.93  29.45  2379.76 2.51e+01 1.44e+06    57.48     7.45   4.41
13.04  29.43  2376.40 2.54e+01 1.45e+06    57.73    15.41   4.40
13.16  29.42  2373.06 2.56e+01 1.46e+06    57.97    17.88   4.40
13.28  29.40  2369.74 2.59e+01 1.47e+06    58.21    19.53   4.39
13.40  29.39  2366.39 2.62e+01 1.48e+06    58.45    20.82   4.38
13.52  29.37  2363.05 2.64e+01 1.49e+06    58.70    21.89   4.38
13.63  29.36  2359.73 2.67e+01 1.50e+06    58.94    22.81   4.37
13.75  29.34  2356.37 2.69e+01 1.51e+06    59.18    23.69   4.36
13.87  29.33  2353.04 2.72e+01 1.52e+06    59.42    24.51   4.36
13.98  29.31  2349.71 2.75e+01 1.53e+06    59.66    25.29   4.35
14.10  29.30  2346.35 2.77e+01 1.54e+06    59.90    26.01   4.35
14.22  29.28  2343.01 2.80e+01 1.55e+06    60.14    26.68   4.34
14.34  29.27  2339.68 2.82e+01 1.56e+06    60.38    27.31   4.33
14.45  29.25  2336.32 2.85e+01 1.57e+06    60.61    27.91   4.33
14.57  29.24  2332.97 2.88e+01 1.58e+06    60.85    28.47   4.32
14.69  29.22  2329.64 2.91e+01 1.58e+06    61.09    29.01   4.32
14.80  29.21  2326.27 2.93e+01 1.59e+06    61.33    29.53   4.31
14.92  29.19  2322.92 2.96e+01 1.60e+06    61.56    30.02   4.30
15.04  29.18  2319.58 2.99e+01 1.61e+06    61.80    30.50   4.30
15.15  29.16  2316.20 3.02e+01 1.62e+06    62.04    30.96   4.29
15.27  29.15  2312.86 3.04e+01 1.63e+06    62.27    31.41   4.28
15.39  29.13  2309.51 3.07e+01 1.64e+06    62.51    31.84   4.28
15.50  29.12  2306.12 3.10e+01 1.65e+06    62.75    32.26   4.27
15.62  29.10  2302.76 3.13e+01 1.66e+06    62.98    32.67   4.27
15.74  29.09  2299.41 3.16e+01 1.67e+06    63.22    33.07   4.26
15.85  29.07  2296.02 3.19e+01 1.68e+06    63.45    33.45   4.25
15.97  29.06  2292.66 3.21e+01 1.69e+06    63.69    33.83   4.25
16.09  29.04  2289.31 3.24e+01 1.70e+06    63.92    34.20   4.24
16.20  29.03  2285.92 3.27e+01 1.71e+06    64.15    34.56   4.23
16.32  29.01  2282.55 3.30e+01 1.72e+06    64.39    34.91   4.23
16.43  29.00  2279.18 3.33e+01 1.73e+06    64.62    35.26   4.22
16.55  28.98  2275.78 3.36e+01 1.74e+06    64.86    35.60   4.22
16.67  28.97  2272.39 3.39e+01 1.75e+06    65.09    35.93   4.21
16.78  28.95  2269.02 3.41e+01 1.76e+06    65.32    36.26   4.20
16.90  28.93  2265.63 3.44e+01 1.77e+06    65.56    36.58   4.20
17.01  28.92  2262.24 3.47e+01 1.78e+06    65.79    36.89   4.19
17.13  28.90  2258.86 3.50e+01 1.79e+06    66.02    37.20   4.18
17.24  28.89  2255.44 3.53e+01 1.80e+06    66.25    37.51   4.18
17.36  28.87  2252.04 3.57e+01 1.81e+06    66.48    37.81   4.17
17.48  28.86  2248.66 3.59e+01 1.82e+06    66.72    38.11   4.17
17.59  28.84  2245.26 3.62e+01 1.83e+06    66.95    38.40   4.16
17.71  28.83  2241.84 3.65e+01 1.84e+06    67.18    38.69   4.15
17.82  28.81  2238.45 3.68e+01 1.85e+06    67.41    38.97   4.15
17.94  28.79  2235.04 3.71e+01 1.86e+06    67.64    39.25   4.14
18.05  28.78  2231.59 3.75e+01 1.86e+06    67.87    39.53   4.13
18.17  28.76  2228.19 3.78e+01 1.87e+06    68.10    39.80   4.13
18.28  28.75  2224.78 3.81e+01 1.88e+06    68.33    40.07   4.12
18.40  28.73  2221.36 3.84e+01 1.89e+06    68.56    40.34   4.12
18.51  28.71  2217.94 3.87e+01 1.90e+06    68.80    40.60   4.11
18.63  28.70  2214.52 3.90e+01 1.91e+06    69.03    40.86   4.10
18.74  28.68  2211.06 3.93e+01 1.92e+06    69.26    41.12   4.10
18.86  28.67  2207.63 3.96e+01 1.93e+06    69.48    41.37   4.09
18.97  28.65  2204.21 3.99e+01 1.94e+06    69.71    41.63   4.08
19.09  28.63  2200.79 4.02e+01 1.95e+06    69.94    41.88   4.08
19.20  28.62  2197.34 4.06e+01 1.96e+06    70.17    42.12   4.07
19.31  28.60  2193.89 4.09e+01 1.97e+06    70.40    42.37   4.06
19.43  28.59  2190.47 4.12e+01 1.98e+06    70.63    42.61   4.06
19.54  28.57  2186.99 4.15e+01 1.99e+06    70.86    42.85   4.05
19.66  28.55  2183.52 4.18e+01 2.00e+06    71.09    43.09   4.05
19.77  28.54  2180.08 4.22e+01 2.01e+06    71.32    43.32   4.04
19.89  28.52  2176.63 4.25e+01 2.02e+06    71.54    43.56   4.03
20.00  28.50  2173.14 4.28e+01 2.02e+06    71.77    43.79   4.03
20.11  28.49  2169.71 4.31e+01 2.03e+06    72.00    44.02   4.02
20.23  28.47  2166.24 4.34e+01 2.04e+06    72.23    44.25   4.01
20.34  28.45  2162.73 4.38e+01 2.05e+06    72.46    44.47   4.01
20.46  28.44  2159.27 4.41e+01 2.06e+06    72.68    44.70   4.00
20.57  28.42  2155.80 4.44e+01 2.07e+06    72.91    44.92   3.99
20.68  28.40  2152.31 4.48e+01 2.08e+06    73.14    45.14   3.99
20.80  28.39  2148.83 4.51e+01 2.09e+06    73.36    45.36   3.98
20.91  28.37  2145.37 4.54e+01 2.10e+06    73.59    45.58   3.97
21.02  28.36  2141.92 4.57e+01 2.11e+06    73.82    45.79   3.97
21.14  28.34  2138.41 4.60e+01 2.12e+06    74.04    46.01   3.96
21.25  28.32  2134.95 4.63e+01 2.12e+06    74.27    46.22   3.96
21.36  28.31  2131.47 4.67e+01 2.13e+06    74.50    46.44   3.95
21.48  28.29  2127.99 4.70e+01 2.14e+06    74.72    46.65   3.94
21.59  28.27  2124.49 4.73e+01 2.15e+06    74.95    46.86   3.94
21.70  28.25  2121.00 4.76e+01 2.16e+06    75.17    47.07   3.93
21.82  28.24  2117.56 4.79e+01 2.17e+06    75.40    47.28   3.92
21.93  28.22  2114.05 4.83e+01 2.18e+06    75.62    47.48   3.92
22.04  28.20  2110.55 4.86e+01 2.19e+06    75.85    47.69   3.91
22.15  28.19  2107.08 4.89e+01 2.19e+06    76.07    47.89   3.90
22.27  28.17  2103.62 4.92e+01 2.20e+06    76.30    48.09   3.90
22.38  28.15  2100.10 4.95e+01 2.21e+06    76.52    48.29   3.89
22.49  28.14  2096.61 4.98e+01 2.22e+06    76.75    48.49   3.88
22.60  28.12  2093.14 5.01e+01 2.23e+06    76.97    48.69   3.88
22.72  28.10  2089.63 5.05e+01 2.24e+06    77.20    48.89   3.87
22.83  28.09  2086.12 5.08e+01 2.24e+06    77.42    49.08   3.87
22.94  28.07  2082.64 5.11e+01 2.25e+06    77.64    49.28   3.86
23.05  28.05  2079.13 5.14e+01 2.26e+06    77.87    49.47   3.85
23.17  28.03  2075.64 5.17e+01 2.27e+06    78.09    49.66   3.85
23.28  28.02  2072.13 5.20e+01 2.28e+06    78.31    49.85   3.84
23.39  28.00  2068.65 5.24e+01 2.28e+06    78.54    50.04   3.83
23.50  27.98  2065.14 5.27e+01 2.29e+06    78.76    50.23   3.83
23.61  27.97  2061.63 5.30e+01 2.30e+06    78.98    50.42   3.82
23.73  27.95  2058.13 5.33e+01 2.31e+06    79.20    50.61   3.81
23.84  27.93  2054.62 5.36e+01 2.32e+06    79.42    50.79   3.81
23.95  27.91  2051.14 5.39e+01 2.32e+06    79.65    50.98   3.80
24.06  27.90  2047.61 5.42e+01 2.33e+06    79.87    51.16   3.79
24.17  27.88  2044.10 5.45e+01 2.34e+06    80.09    51.34   3.79
24.28  27.86  2040.59 5.48e+01 2.35e+06    80.31    51.53   3.78
24.40  27.84  2037.11 5.51e+01 2.35e+06    80.53    51.71   3.77
24.51  27.83  2033.56 5.55e+01 2.36e+06    80.75    51.89   3.77
24.62  27.81  2030.06 5.58e+01 2.37e+06    80.97    52.06   3.76
24.73  27.79  2026.56 5.61e+01 2.38e+06    81.19    52.24   3.75
24.84  27.77  2023.05 5.64e+01 2.38e+06    81.41    52.42   3.75
24.95  27.76  2019.52 5.67e+01 2.39e+06    81.63    52.59   3.74
25.06  27.74  2016.01 5.70e+01 2.40e+06    81.85    52.77   3.74
25.17  27.72  2012.49 5.73e+01 2.41e+06    82.07    52.94   3.73
25.28  27.70  2008.98 5.76e+01 2.41e+06    82.29    53.12   3.72
25.40  27.69  2005.47 5.79e+01 2.42e+06    82.51    53.29   3.72
25.51  27.67  2001.95 5.82e+01 2.43e+06    82.73    53.46   3.71
25.62  27.65  1998.44 5.85e+01 2.43e+06    82.95    53.63   3.70
25.73  27.63  1994.92 5.88e+01 2.44e+06    83.17    53.80   3.70
25.84  27.62  1991.40 5.91e+01 2.45e+06    83.38    53.97   3.69
25.95  27.60  1987.87 5.94e+01 2.45e+06    83.60    54.14   3.68
26.06  27.58  1984.38 5.97e+01 2.46e+06    83.82    54.31   3.68
26.17  27.56  1980.85 6.00e+01 2.47e+06    84.04    54.47   3.67
26.28  27.54  1977.33 6.03e+01 2.47e+06    84.25    54.64   3.66
26.39  27.53  1973.80 6.06e+01 2.48e+06    84.47    54.81   3.66
26.50  27.51  1970.30 6.09e+01 2.49e+06    84.69    54.97   3.65
26.61  27.49  1966.77 6.12e+01 2.49e+06    84.90    55.13   3.64
26.72  27.47  1963.25 6.15e+01 2.50e+06    85.12    55.30   3.64
26.83  27.45  1959.73 6.18e+01 2.50e+06    85.33    55.46   3.63
26.94  27.44  1956.22 6.21e+01 2.51e+06    85.55    55.62   3.62
27.05  27.42  1952.69 6.23e+01 2.52e+06    85.77    55.78   3.62
27.16  27.40  1949.19 6.26e+01 2.52e+06    85.98    55.94   3.61
27.27  27.38  1945.64 6.29e+01 2.53e+06    86.19    56.10   3.61
27.38  27.36  1942.12 6.32e+01 2.53e+06    86.41    56.26   3.60
27.49  27.35  1938.62 6.35e+01 2.54e+06    86.62    56.42   3.59
27.60  27.33  1935.09 6.38e+01 2.54e+06    86.84    56.58   3.59
27.71  27.31  1931.57 6.41e+01 2.55e+06    87.05    56.73   3.58
27.81  27.29  1928.04 6.44e+01 2.55e+06    87.26    56.89   3.57
27.92  27.27  1924.55 6.46e+01 2.56e+06    87.48    57.05   3.57
28.03  27.26  1921.04 6.49e+01 2.57e+06    87.69    57.20   3.56
28.14  27.24  1917.52 6.52e+01 2.57e+06    87.90    57.36   3.55
28.25  27.22  1913.96 6.55e+01 2.58e+06    88.11    57.51   3.55
28.36  27.20  1910.51 6.57e+01 2.58e+06    88.32    57.66   3.54
28.47  27.18  1906.97 6.60e+01 2.59e+06    88.54    57.82   3.53
28.58  27.16  1903.45 6.63e+01 2.59e+06    88.75    57.97   3.53
28.69  27.15  1899.93 6.66e+01 2.60e+06    88.96    58.12   3.52
28.79  27.13  1896.44 6.69e+01 2.60e+06    89.17    58.27   3.51
28.90  27.11  1892.92 6.71e+01 2.60e+06    89.38    58.42   3.51
29.01  27.09  1889.41 6.74e+01 2.61e+06    89.59    58.57   3.50
29.12  27.07  1885.89 6.77e+01 2.61e+06    89.80    58.72   3.49
29.23  27.05  1882.38 6.79e+01 2.62e+06    90.01    58.87   3.49
29.34  27.04  1878.89 6.82e+01 2.62e+06    90.21    59.01   3.48
29.44  27.02  1875.39 6.85e+01 2.63e+06    90.42    59.16   3.48
29.55  27.00  1871.87 6.87e+01 2.63e+06    90.63    59.31   3.47
29.66  26.98  1868.34 6.90e+01 2.64e+06    90.84    59.45   3.46
29.77  26.96  1864.89 6.93e+01 2.64e+06    91.04    59.60   3.46
29.88  26.94  1861.38 6.95e+01 2.64e+06    91.25    59.74   3.45
29.98  26.92  1857.87 6.98e+01 2.65e+06    91.46    59.89   3.44
30.09  26.91  1854.35 7.01e+01 2.65e+06    91.66    60.03   3.44
30.20  26.89  1850.88 7.03e+01 2.65e+06    91.87    60.17   3.43
30.31  26.87  1847.39 7.06e+01 2.66e+06    92.08    60.32   3.42
30.41  26.85  1843.89 7.08e+01 2.66e+06    92.28    60.46   3.42
30.52  26.83  1840.40 7.11e+01 2.67e+06    92.49    60.60   3.41
30.63  26.81  1836.88 7.13e+01 2.67e+06    92.69    60.74   3.40
30.74  26.79  1833.42 7.16e+01 2.67e+06    92.89    60.88   3.40
30.84  26.78  1829.95 7.18e+01 2.68e+06    93.10    61.02   3.39
30.95  26.76  1826.45 7.21e+01 2.68e+06    93.30    61.16   3.38
31.06  26.74  1822.94 7.23e+01 2.68e+06    93.50    61.30   3.38
31.16  26.72  1819.48 7.26e+01 2.68e+06    93.71    61.44   3.37
31.27  26.70  1816.02 7.28e+01 2.69e+06    93.91    61.57   3.37
31.38  26.68  1812.52 7.31e+01 2.69e+06    94.11    61.71   3.36
31.48  26.66  1809.05 7.33e+01 2.69e+06    94.31    61.85   3.35
31.59  26.64  1805.56 7.35e+01 2.70e+06    94.51    61.98   3.35
31.70  26.63  1802.12 7.38e+01 2.70e+06    94.71    62.12   3.34
31.80  26.61  1798.65 7.40e+01 2.70e+06    94.91    62.25   3.33
31.91  26.59  1795.18 7.42e+01 2.70e+06    95.11    62.39   3.33
32.02  26.57  1791.70 7.45e+01 2.71e+06    95.31    62.52   3.32
32.12  26.55  1788.23 7.47e+01 2.71e+06    95.51    62.66   3.31
32.23  26.53  1784.80 7.49e+01 2.71e+06    95.71    62.79   3.31
32.34  26.51  1781.34 7.52e+01 2.71e+06    95.91    62.92   3.30
32.44  26.49  1777.90 7.54e+01 2.71e+06    96.11    63.05   3.30
32.55  26.47  1774.42 7.56e+01 2.72e+06    96.30    63.18   3.29
32.65  26.46  1770.96 7.59e+01 2.72e+06    96.50    63.32   3.28
32.76  26.44  1767.55 7.61e+01 2.72e+06    96.70    63.45   3.28
32.86  26.42  1764.10 7.63e+01 2.72e+06    96.89    63.58   3.27
32.97  26.40  1760.68 7.65e+01 2.72e+06    97.09    63.71   3.26
33.08  26.38  1757.20 7.67e+01 2.72e+06    97.28    63.83   3.26
33.18  26.36  1753.77 7.70e+01 2.73e+06    97.48    63.96   3.25
33.29  26.34  1750.37 7.72e+01 2.73e+06    97.67    64.09   3.24
33.39  26.32  1746.94 7.74e+01 2.73e+06    97.87    64.22   3.24
33.50  26.30  1743.52 7.76e+01 2.73e+06    98.06    64.35   3.23
33.60  26.28  1740.06 7.78e+01 2.73e+06    98.25    64.47   3.23
33.71  26.27  1736.65 7.80e+01 2.73e+06    98.45    64.60   3.22
33.81  26.25  1733.26 7.82e+01 2.73e+06    98.64    64.72   3.21
33.92  26.23  1729.85 7.84e+01 2.73e+06    98.83    64.85   3.21
34.02  26.21  1726.45 7.86e+01 2.74e+06    99.02    64.97   3.20
34.13  26.19  1723.01 7.89e+01 2.74e+06    99.21    65.10   3.19
34.23  26.17  1719.61 7.91e+01 2.74e+06    99.40    65.22   3.19
34.34  26.15  1716.23 7.92e+01 2.74e+06    99.59    65.35   3.18
34.44  26.13  1712.83 7.95e+01 2.74e+06    99.78    65.47   3.17
34.55  26.11  1709.45 7.96e+01 2.74e+06    99.97    65.59   3.17
34.65  26.09  1706.04 7.98e+01 2.74e+06   100.16    65.71   3.16
34.75  26.07  1702.65 8.00e+01 2.74e+06   100.35    65.83   3.16
34.86  26.06  1699.29 8.02e+01 2.74e+06   100.53    65.95   3.15
34.96  26.04  1695.91 8.04e+01 2.74e+06   100.72    66.08   3.14
35.07  26.02  1692.54 8.06e+01 2.74e+06   100.91    66.20   3.14
35.17  26.00  1689.16 8.08e+01 2.74e+06   101.09    66.32   3.13
35.27  25.98  1685.78 8.10e+01 2.74e+06   101.28    66.43   3.12
35.38  25.96  1682.43 8.12e+01 2.74e+06   101.47    66.55   3.12
35.48  25.94  1679.09 8.14e+01 2.74e+06   101.65    66.67   3.11
35.59  25.92  1675.75 8.15e+01 2.74e+06   101.84    66.79   3.11
35.69  25.90  1672.39 8.17e+01 2.74e+06   102.02    66.91   3.10
35.79  25.88  1669.01 8.19e+01 2.74e+06   102.20    67.02   3.09
35.90  25.86  1665.69 8.21e+01 2.74e+06   102.39    67.14   3.09
36.00  25.85  1662.39 8.22e+01 2.74e+06   102.57    67.26   3.08
36.10  25.83  1659.04 8.24e+01 2.74e+06   102.75    67.37   3.08
36.21  25.81  1655.71 8.26e+01 2.74e+06   102.93    67.49   3.07
36.31  25.79  1652.35 8.28e+01 2.74e+06   103.11    67.60   3.06
36.41  25.77  1649.03 8.29e+01 2.74e+06   103.29    67.72   3.06
36.52  25.75  1645.74 8.31e+01 2.73e+06   103.47    67.83   3.05
36.62  25.73  1642.44 8.33e+01 2.73e+06   103.65    67.94   3.04
36.72  25.71  1639.12 8.34e+01 2.73e+06   103.83    68.06   3.04
36.83  25.69  1635.82 8.36e+01 2.73e+06   104.01    68.17   3.03
36.93  25.67  1632.49 8.38e+01 2.73e+06   104.19    68.28   3.03
37.03  25.65  1629.23 8.39e+01 2.73e+06   104.37    68.39   3.02
37.13  25.64  1625.97 8.41e+01 2.73e+06   104.54    68.51   3.01
37.24  25.62  1622.67 8.42e+01 2.73e+06   104.72    68.62   3.01
37.34  25.60  1619.39 8.44e+01 2.73e+06   104.90    68.73   3.00
37.44  25.58  1616.08 8.45e+01 2.72e+06   105.07    68.84   3.00
37.54  25.56  1612.80 8.47e+01 2.72e+06   105.25    68.95   2.99
37.65  25.54  1609.57 8.48e+01 2.72e+06   105.42    69.06   2.98
37.75  25.52  1606.33 8.50e+01 2.72e+06   105.60    69.16   2.98
37.85  25.50  1603.06 8.51e+01 2.72e+06   105.77    69.27   2.97
37.95  25.48  1599.83 8.53e+01 2.72e+06   105.94    69.38   2.97
38.05  25.46  1596.52 8.54e+01 2.71e+06   106.12    69.49   2.96
38.16  25.44  1593.30 8.55e+01 2.71e+06   106.29    69.60   2.95
38.26  25.43  1590.10 8.57e+01 2.71e+06   106.46    69.70   2.95
38.36  25.41  1586.87 8.58e+01 2.71e+06   106.63    69.81   2.94
38.46  25.39  1583.63 8.60e+01 2.71e+06   106.80    69.92   2.94
38.56  25.37  1580.41 8.61e+01 2.71e+06   106.97    70.02   2.93
38.66  25.35  1577.15 8.62e+01 2.70e+06   107.14    70.13   2.92
38.76  25.33  1573.97 8.64e+01 2.70e+06   107.31    70.23   2.92
38.87  25.31  1570.80 8.65e+01 2.70e+06   107.48    70.34   2.91
38.97  25.29  1567.60 8.66e+01 2.70e+06   107.65    70.44   2.91
39.07  25.27  1564.39 8.67e+01 2.69e+06   107.82    70.54   2.90
39.17  25.25  1561.20 8.69e+01 2.69e+06   107.98    70.65   2.89
39.27  25.23  1557.98 8.70e+01 2.69e+06   108.15    70.75   2.89
39.37  25.22  1554.83 8.71e+01 2.69e+06   108.32    70.85   2.88
39.47  25.20  1551.68 8.72e+01 2.68e+06   108.48    70.95   2.88
39.57  25.18  1548.52 8.73e+01 2.68e+06   108.65    71.06   2.87
39.67  25.16  1545.34 8.75e+01 2.68e+06   108.81    71.16   2.86
39.77  25.14  1542.18 8.76e+01 2.68e+06   108.98    71.26   2.86
39.87  25.12  1538.99 8.77e+01 2.67e+06   109.14    71.36   2.85
39.97  25.10  1535.87 8.78e+01 2.67e+06   109.30    71.46   2.85
40.08  25.08  1532.76 8.79e+01 2.67e+06   109.47    71.56   2.84
40.18  25.06  1529.62 8.80e+01 2.67e+06   109.63    71.66   2.84
40.28  25.04  1526.49 8.81e+01 2.66e+06   109.79    71.76   2.83
40.38  25.03  1523.35 8.82e+01 2.66e+06   109.95    71.85   2.82
40.48  25.01  1520.20 8.84e+01 2.66e+06   110.11    71.95   2.82
40.58  24.99  1517.10 8.85e+01 2.65e+06   110.27    72.05   2.81
40.68  24.97  1514.02 8.86e+01 2.65e+06   110.43    72.15   2.81
40.78  24.95  1510.95 8.86e+01 2.65e+06   110.59    72.24   2.80
40.88  24.93  1507.82 8.88e+01 2.64e+06   110.75    72.34   2.80
40.98  24.91  1504.73 8.88e+01 2.64e+06   110.91    72.44   2.79
41.07  24.89  1501.60 8.90e+01 2.64e+06   111.06    72.53   2.78
41.17  24.87  1498.55 8.90e+01 2.63e+06   111.22    72.63   2.78
41.27  24.86  1495.49 8.91e+01 2.63e+06   111.38    72.72   2.77
41.37  24.84  1492.45 8.92e+01 2.63e+06   111.53    72.82   2.77
41.47  24.82  1489.38 8.93e+01 2.62e+06   111.69    72.91   2.76
41.57  24.80  1486.33 8.94e+01 2.62e+06   111.84    73.01   2.76
41.67  24.78  1483.25 8.95e+01 2.62e+06   112.00    73.10   2.75
41.77  24.76  1480.19 8.96e+01 2.61e+06   112.15    73.19   2.74
41.87  24.74  1477.18 8.97e+01 2.61e+06   112.31    73.29   2.74
41.97  24.72  1474.17 8.97e+01 2.61e+06   112.46    73.38   2.73
42.07  24.71  1471.16 8.98e+01 2.60e+06   112.61    73.47   2.73
42.17  24.69  1468.12 8.99e+01 2.60e+06   112.76    73.56   2.72
42.26  24.67  1465.10 9.00e+01 2.60e+06   112.92    73.66   2.72
42.36  24.65  1462.05 9.01e+01 2.59e+06   113.07    73.75   2.71
42.46  24.63  1459.07 9.01e+01 2.59e+06   113.22    73.84   2.71
42.56  24.61  1456.09 9.02e+01 2.58e+06   113.37    73.93   2.70
42.66  24.59  1453.12 9.03e+01 2.58e+06   113.52    74.02   2.69
42.76  24.57  1450.14 9.03e+01 2.58e+06   113.67    74.11   2.69
42.86  24.56  1447.15 9.04e+01 2.57e+06   113.81    74.20   2.68
42.95  24.54  1444.16 9.05e+01 2.57e+06   113.96    74.29   2.68
43.05  24.52  1441.18 9.06e+01 2.57e+06   114.11    74.37   2.67
43.15  24.50  1438.23 9.06e+01 2.56e+06   114.26    74.46   2.67
43.25  24.48  1435.30 9.07e+01 2.56e+06   114.40    74.55   2.66
43.35  24.46  1432.38 9.07e+01 2.55e+06   114.55    74.64   2.66
43.44  24.44  1429.42 9.08e+01 2.55e+06   114.70    74.73   2.65
43.54  24.43  1426.48 9.09e+01 2.54e+06   114.84    74.81   2.64
43.64  24.41  1423.53 9.09e+01 2.54e+06   114.98    74.90   2.64
43.74  24.39  1420.60 9.10e+01 2.54e+06   115.13    74.99   2.63
43.83  24.37  1417.70 9.11e+01 2.53e+06   115.27    75.07   2.63
43.93  24.35  1414.81 9.11e+01 2.53e+06   115.41    75.16   2.62
44.03  24.33  1411.93 9.12e+01 2.52e+06   115.56    75.24   2.62
44.13  24.31  1409.01 9.12e+01 2.52e+06   115.70    75.33   2.61
44.22  24.30  1406.11 9.13e+01 2.52e+06   115.84    75.41   2.61
44.32  24.28  1403.21 9.13e+01 2.51e+06   115.98    75.50   2.60
44.42  24.26  1400.32 9.14e+01 2.51e+06   116.12    75.58   2.60
44.51  24.24  1397.46 9.14e+01 2.50e+06   116.26    75.66   2.59
44.61  24.22  1394.62 9.15e+01 2.50e+06   116.40    75.75   2.59
44.71  24.20  1391.78 9.15e+01 2.49e+06   116.54    75.83   2.58
44.80  24.19  1388.92 9.15e+01 2.49e+06   116.68    75.91   2.58
44.90  24.17  1386.05 9.16e+01 2.48e+06   116.82    75.99   2.57
45.00  24.15  1383.20 9.16e+01 2.48e+06   116.96    76.08   2.56
45.09  24.13  1380.35 9.17e+01 2.47e+06   117.09    76.16   2.56
45.19  24.11  1377.54 9.17e+01 2.47e+06   117.23    76.24   2.55
45.29  24.09  1374.72 9.17e+01 2.47e+06   117.36    76.32   2.55
45.38  24.08  1371.93 9.18e+01 2.46e+06   117.50    76.40   2.54
45.48  24.06  1369.13 9.18e+01 2.46e+06   117.64    76.48   2.54
45.58  24.04  1366.30 9.19e+01 2.45e+06   117.77    76.56   2.53
45.67  24.02  1363.50 9.19e+01 2.45e+06   117.90    76.64   2.53
45.77  24.00  1360.70 9.19e+01 2.44e+06   118.04    76.72   2.52
45.86  23.99  1357.91 9.20e+01 2.44e+06   118.17    76.80   2.52
45.96  23.97  1355.15 9.20e+01 2.43e+06   118.30    76.88   2.51
46.06  23.95  1352.40 9.20e+01 2.43e+06   118.44    76.95   2.51
46.15  23.93  1349.65 9.20e+01 2.42e+06   118.57    77.03   2.50
46.25  23.91  1346.87 9.21e+01 2.42e+06   118.70    77.11   2.50
46.34  23.90  1344.10 9.21e+01 2.41e+06   118.83    77.19   2.49
46.44  23.88  1341.34 9.21e+01 2.41e+06   118.96    77.27   2.49
46.53  23.86  1338.60 9.21e+01 2.40e+06   119.09    77.34   2.48
46.63  23.84  1335.88 9.22e+01 2.40e+06   119.22    77.42   2.48
46.73  23.82  1333.16 9.22e+01 2.39e+06   119.35    77.49   2.47
46.82  23.81  1330.46 9.22e+01 2.39e+06   119.48    77.57   2.47
46.92  23.79  1327.76 9.22e+01 2.38e+06   119.60    77.65   2.46
47.01  23.77  1325.02 9.22e+01 2.38e+06   119.73    77.72   2.46
47.11  23.75  1322.31 9.22e+01 2.37e+06   119.86    77.80   2.45
47.20  23.73  1319.60 9.23e+01 2.37e+06   119.99    77.87   2.45
47.30  23.72  1316.92 9.23e+01 2.36e+06   120.11    77.95   2.44
47.39  23.70  1314.24 9.23e+01 2.36e+06   120.24    78.02   2.44
47.49  23.68  1311.58 9.23e+01 2.35e+06   120.36    78.09   2.43
47.58  23.66  1308.93 9.23e+01 2.35e+06   120.49    78.17   2.43
47.67  23.65  1306.28 9.23e+01 2.34e+06   120.61    78.24   2.42
47.77  23.63  1303.59 9.23e+01 2.34e+06   120.73    78.31   2.42
47.86  23.61  1300.93 9.23e+01 2.33e+06   120.86    78.39   2.41
47.96  23.59  1298.28 9.23e+01 2.33e+06   120.98    78.46   2.41
48.05  23.57  1295.64 9.23e+01 2.32e+06   121.10    78.53   2.40
48.15  23.56  1293.02 9.24e+01 2.32e+06   121.23    78.60   2.40
48.24  23.54  1290.41 9.24e+01 2.31e+06   121.35    78.67   2.39
48.34  23.52  1287.80 9.24e+01 2.31e+06   121.47    78.74   2.39
48.43  23.50  1285.21 9.24e+01 2.30e+06   121.59    78.81   2.38
48.52  23.49  1282.57 9.24e+01 2.30e+06   121.71    78.89   2.38
48.62  23.47  1279.96 9.24e+01 2.29e+06   121.83    78.96   2.37
48.71  23.45  1277.35 9.24e+01 2.29e+06   121.95    79.03   2.37
48.80  23.43  1274.77 9.24e+01 2.28e+06   122.07    79.10   2.36
48.90  23.42  1272.20 9.24e+01 2.28e+06   122.18    79.16   2.36
48.99  23.40  1269.63 9.24e+01 2.27e+06   122.30    79.23   2.35
49.09  23.38  1267.08 9.23e+01 2.27e+06   122.42    79.30   2.35
49.18  23.36  1264.53 9.23e+01 2.26e+06   122.54    79.37   2.35
49.27  23.35  1261.95 9.23e+01 2.26e+06   122.65    79.44   2.34
49.37  23.33  1259.39 9.23e+01 2.25e+06   122.77    79.51   2.34
49.46  23.31  1256.84 9.23e+01 2.25e+06   122.88    79.58   2.33
49.55  23.29  1254.32 9.23e+01 2.24e+06   123.00    79.64   2.33
49.65  23.28  1251.77 9.23e+01 2.24e+06   123.11    79.71   2.32
49.74  23.26  1249.26 9.23e+01 2.23e+06   123.23    79.78   2.32
49.83  23.24  1246.76 9.23e+01 2.23e+06   123.34    79.84   2.31
49.92  23.23  1244.27 9.23e+01 2.22e+06   123.46    79.91   2.31
50.02  23.21  1241.76 9.22e+01 2.22e+06   123.57    79.98   2.30
50.11  23.19  1239.22 9.22e+01 2.21e+06   123.68    80.04   2.30
50.20  23.17  1236.73 9.22e+01 2.20e+06   123.79    80.11   2.29
50.30  23.16  1234.23 9.22e+01 2.20e+06   123.91    80.17   2.29
50.39  23.14  1231.76 9.22e+01 2.19e+06   124.02    80.24   2.28
50.48  23.12  1229.29 9.22e+01 2.19e+06   124.13    80.30   2.28
50.57  23.11  1226.83 9.21e+01 2.18e+06   124.24    80.37   2.28
50.67  23.09  1224.38 9.21e+01 2.18e+06   124.35    80.43   2.27
50.76  23.07  1221.94 9.21e+01 2.17e+06   124.46    80.50   2.27
50.85  23.05  1219.48 9.21e+01 2.17e+06   124.57    80.56   2.26
50.94  23.04  1217.01 9.21e+01 2.16e+06   124.68    80.62   2.26
51.03  23.02  1214.57 9.20e+01 2.16e+06   124.78    80.69   2.25
51.13  23.00  1212.14 9.20e+01 2.15e+06   124.89    80.75   2.25
51.22  22.99  1209.72 9.20e+01 2.15e+06   125.00    80.81   2.24
51.31  22.97  1207.31 9.20e+01 2.14e+06   125.11    80.87   2.24
51.40  22.95  1204.90 9.19e+01 2.14e+06   125.21    80.94   2.23
51.49  22.94  1202.51 9.19e+01 2.13e+06   125.32    81.00   2.23
51.59  22.92  1200.12 9.19e+01 2.13e+06   125.43    81.06   2.23
51.68  22.90  1197.71 9.19e+01 2.12e+06   125.53    81.12   2.22
51.77  22.89  1195.30 9.18e+01 2.12e+06   125.64    81.18   2.22
51.86  22.87  1192.92 9.18e+01 2.11e+06   125.74    81.24   2.21
51.95  22.85  1190.54 9.18e+01 2.10e+06   125.84    81.31   2.21
52.04  22.84  1188.18 9.17e+01 2.10e+06   125.95    81.37   2.20
52.14  22.82  1185.82 9.17e+01 2.09e+06   126.05    81.43   2.20
52.23  22.80  1183.47 9.17e+01 2.09e+06   126.15    81.49   2.20
52.32  22.79  1181.13 9.16e+01 2.08e+06   126.26    81.55   2.19
52.41  22.77  1178.80 9.16e+01 2.08e+06   126.36    81.60   2.19
52.50  22.75  1176.45 9.16e+01 2.07e+06   126.46    81.66   2.18
52.59  22.74  1174.09 9.16e+01 2.07e+06   126.56    81.72   2.18
52.68  22.72  1171.76 9.15e+01 2.06e+06   126.66    81.78   2.17
52.77  22.70  1169.42 9.15e+01 2.06e+06   126.76    81.84   2.17
52.86  22.69  1167.13 9.14e+01 2.05e+06   126.86    81.90   2.16
52.95  22.67  1164.82 9.14e+01 2.05e+06   126.96    81.96   2.16
53.04  22.65  1162.52 9.14e+01 2.04e+06   127.06    82.01   2.16
53.14  22.64  1160.23 9.13e+01 2.04e+06   127.16    82.07   2.15
53.23  22.62  1157.95 9.13e+01 2.03e+06   127.26    82.13   2.15
53.32  22.61  1155.68 9.12e+01 2.03e+06   127.36    82.19   2.14
53.41  22.59  1153.36 9.12e+01 2.02e+06   127.46    82.24   2.14
53.50  22.57  1151.08 9.12e+01 2.02e+06   127.56    82.30   2.14
53.59  22.56  1148.80 9.11e+01 2.01e+06   127.65    82.36   2.13
53.68  22.54  1146.55 9.11e+01 2.00e+06   127.75    82.41   2.13
53.77  22.52  1144.30 9.10e+01 2.00e+06   127.85    82.47   2.12
53.86  22.51  1142.05 9.10e+01 1.99e+06   127.94    82.52   2.12
53.95  22.49  1139.81 9.09e+01 1.99e+06   128.04    82.58   2.11
54.04  22.48  1137.59 9.09e+01 1.98e+06   128.13    82.64   2.11
54.13  22.46  1135.36 9.09e+01 1.98e+06   128.23    82.69   2.11
54.22  22.44  1133.14 9.08e+01 1.97e+06   128.32    82.75   2.10
54.31  22.43  1130.89 9.08e+01 1.97e+06   128.42    82.80   2.10
54.40  22.41  1128.66 9.07e+01 1.96e+06   128.51    82.85   2.09
54.49  22.40  1126.43 9.07e+01 1.96e+06   128.60    82.91   2.09
54.58  22.38  1124.25 9.06e+01 1.95e+06   128.70    82.96   2.09
54.67  22.36  1122.06 9.06e+01 1.95e+06   128.79    83.02   2.08
54.75  22.35  1119.87 9.05e+01 1.94e+06   128.88    83.07   2.08
54.84  22.33  1117.69 9.05e+01 1.94e+06   128.97    83.12   2.07
54.93  22.32  1115.52 9.04e+01 1.93e+06   129.06    83.18   2.07
55.02  22.30  1113.35 9.04e+01 1.93e+06   129.16    83.23   2.07
55.11  22.29  1111.18 9.03e+01 1.92e+06   129.25    83.28   2.06
55.20  22.27  1108.99 9.03e+01 1.92e+06   129.34    83.33   2.06
55.29  22.25  1106.82 9.02e+01 1.91e+06   129.43    83.39   2.05
55.38  22.24  1104.66 9.02e+01 1.91e+06   129.52    83.44   2.05
55.47  22.22  1102.52 9.01e+01 1.90e+06   129.61    83.49   2.05
55.56  22.21  1100.40 9.01e+01 1.90e+06   129.70    83.54   2.04
55.65  22.19  1098.25 9.00e+01 1.89e+06   129.78    83.59   2.04
55.73  22.18  1096.13 9.00e+01 1.89e+06   129.87    83.65   2.03
55.82  22.16  1094.01 8.99e+01 1.88e+06   129.96    83.70   2.03
55.91  22.15  1091.90 8.98e+01 1.88e+06   130.05    83.75   2.03
56.00  22.13  1089.79 8.98e+01 1.87e+06   130.14    83.80   2.02
56.09  22.12  1087.67 8.97e+01 1.86e+06   130.22    83.85   2.02
56.18  22.10  1085.55 8.97e+01 1.86e+06   130.31    83.90   2.01
56.27  22.09  1083.44 8.96e+01 1.85e+06   130.40    83.95   2.01
56.35  22.07  1081.34 8.96e+01 1.85e+06   130.48    84.00   2.01
56.44  22.06  1079.28 8.95e+01 1.84e+06   130.57    84.05   2.00
56.53  22.04  1077.20 8.94e+01 1.84e+06   130.65    84.10   2.00
56.62  22.03  1075.12 8.94e+01 1.83e+06   130.74    84.15   1.99
56.71  22.01  1073.06 8.93e+01 1.83e+06   130.82    84.20   1.99
56.79  22.00  1071.00 8.93e+01 1.82e+06   130.91    84.24   1.99
56.88  21.99  1068.95 8.92e+01 1.82e+06   130.99    84.29   1.98
56.97  21.97  1066.89 8.91e+01 1.81e+06   131.07    84.34   1.98
57.06  21.96  1064.83 8.91e+01 1.81e+06   131.16    84.39   1.98
57.15  21.94  1062.77 8.90e+01 1.80e+06   131.24    84.44   1.97
57.23  21.93  1060.73 8.90e+01 1.80e+06   131.32    84.49   1.97
57.32  21.92  1058.69 8.89e+01 1.79e+06   131.41    84.53   1.96
57.41  21.90  1056.68 8.88e+01 1.79e+06   131.49    84.58   1.96
57.50  21.89  1054.66 8.88e+01 1.78e+06   131.57    84.63   1.96
57.58  21.88  1052.64 8.87e+01 1.78e+06   131.65    84.67   1.95
57.67  21.86  1050.64 8.86e+01 1.77e+06   131.73    84.72   1.95
57.76  21.85  1048.64 8.86e+01 1.77e+06   131.81    84.77   1.95
57.85  21.84  1046.64 8.85e+01 1.76e+06   131.89    84.81   1.94
57.93  21.82  1044.64 8.84e+01 1.76e+06   131.97    84.86   1.94
58.02  21.81  1042.64 8.84e+01 1.75e+06   132.05    84.91   1.93
58.11  21.80  1040.64 8.83e+01 1.75e+06   132.13    84.95   1.93
58.20  21.79  1038.64 8.82e+01 1.74e+06   132.21    85.00   1.93
58.28  21.78  1036.66 8.82e+01 1.74e+06   132.29    85.04   1.92
58.37  21.76  1034.70 8.81e+01 1.73e+06   132.37    85.09   1.92
58.46  21.75  1032.76 8.80e+01 1.73e+06   132.45    85.14   1.92
58.54  21.74  1030.78 8.80e+01 1.73e+06   132.53    85.18   1.91
58.63  21.73  1028.82 8.79e+01 1.72e+06   132.60    85.23   1.91
58.72  21.72  1026.88 8.78e+01 1.72e+06   132.68    85.27   1.91
58.80  21.71  1024.94 8.78e+01 1.71e+06   132.76    85.31   1.90
58.89  21.70  1023.00 8.77e+01 1.71e+06   132.83    85.36   1.90
58.98  21.69  1021.05 8.76e+01 1.70e+06   132.91    85.40   1.89
59.07  21.69  1019.10 8.76e+01 1.70e+06   132.99    85.45   1.89
59.15  21.68  1017.17 8.75e+01 1.69e+06   133.06    85.49   1.89
59.24  21.67  1015.21 8.74e+01 1.69e+06   133.14    85.54   1.88
59.33  21.66  1013.31 8.74e+01 1.68e+06   133.21    85.58   1.88
59.41  21.66  1011.41 8.73e+01 1.68e+06   133.29    85.62   1.88
59.50  21.65  1009.51 8.72e+01 1.67e+06   133.36    85.67   1.87
59.59  21.64  1007.59 8.71e+01 1.67e+06   133.44    85.71   1.87
59.67  21.64  1005.69 8.71e+01 1.66e+06   133.51    85.75   1.87
59.76  21.63  1003.80 8.70e+01 1.66e+06   133.59    85.79   1.86
59.84  21.63  1001.91 8.69e+01 1.65e+06   133.66    85.84   1.86
59.93  21.63  1000.02 8.68e+01 1.65e+06   133.74    85.88   1.86
60.02  21.62   998.13 8.68e+01 1.64e+06   133.81    85.92   1.85
60.10  21.62   996.23 8.67e+01 1.64e+06   133.88    85.96   1.85
60.19  21.62   994.34 8.66e+01 1.63e+06   133.95    86.01   1.85
60.28  21.62   992.44 8.66e+01 1.63e+06   134.03    86.05   1.84
60.36  21.62   990.59 8.65e+01 1.62e+06   134.10    86.09   1.84
60.45  21.62   988.74 8.64e+01 1.62e+06   134.17    86.13   1.83
60.54  21.62   986.88 8.63e+01 1.62e+06   134.24    86.17   1.83
60.62  21.63   985.01 8.63e+01 1.61e+06   134.32    86.22   1.83
60.71  21.63   983.16 8.62e+01 1.61e+06   134.39    86.26   1.82
60.80  21.64   981.31 8.61e+01 1.60e+06   134.46    86.30   1.82
60.88  21.64   979.46 8.60e+01 1.60e+06   134.53    86.34   1.82
60.97  21.65   977.61 8.59e+01 1.59e+06   134.60    86.38   1.81
61.06  21.66   975.77 8.59e+01 1.59e+06   134.67    86.42   1.81
61.14  21.67   973.91 8.58e+01 1.58e+06   134.74    86.46   1.81
61.23  21.68   972.06 8.57e+01 1.58e+06   134.81    86.50   1.80
61.32  21.70   970.20 8.56e+01 1.57e+06   134.88    86.54   1.80
61.40  21.71   968.38 8.56e+01 1.57e+06   134.95    86.58   1.80
61.49  21.73   966.56 8.55e+01 1.56e+06   135.02    86.62   1.79
61.58  21.75   964.75 8.54e+01 1.56e+06   135.09    86.66   1.79
61.66  21.77   962.92 8.53e+01 1.55e+06   135.16    86.70   1.79
61.75  21.79   961.08 8.52e+01 1.55e+06   135.23    86.74   1.78
61.84  21.81   959.26 8.52e+01 1.55e+06   135.30    86.78   1.78
61.93  21.84   957.45 8.51e+01 1.54e+06   135.36    86.82   1.78
62.01  21.87   955.63 8.50e+01 1.54e+06   135.43    86.86   1.77
62.10  21.90   953.81 8.49e+01 1.53e+06   135.50    86.90   1.77
62.19  21.93   951.99 8.48e+01 1.53e+06   135.57    86.94   1.77
62.28  21.96   950.16 8.48e+01 1.52e+06   135.64    86.98   1.76
62.36  22.00   948.33 8.47e+01 1.52e+06   135.71    87.02   1.76
62.45  22.04   946.50 8.46e+01 1.51e+06   135.77    87.06   1.76
62.54  22.08   944.70 8.45e+01 1.51e+06   135.84    87.10   1.75
62.63  22.13   942.90 8.44e+01 1.50e+06   135.91    87.14   1.75
62.72  22.18   941.09 8.43e+01 1.50e+06   135.98    87.18   1.75
62.81  22.23   939.27 8.43e+01 1.50e+06   136.05    87.21   1.74
62.89  22.29   937.46 8.42e+01 1.49e+06   136.11    87.25   1.74
62.98  22.35   935.64 8.41e+01 1.49e+06   136.18    87.29   1.74
63.07  22.41   933.82 8.40e+01 1.48e+06   136.25    87.33   1.73
63.16  22.48   931.99 8.39e+01 1.48e+06   136.31    87.37   1.73
63.25  22.55   930.19 8.38e+01 1.47e+06   136.38    87.41   1.73
63.34  22.62   928.34 8.37e+01 1.47e+06   136.45    87.45   1.72
63.43  22.71   926.51 8.36e+01 1.46e+06   136.52    87.49   1.72
63.53  22.79   924.65 8.36e+01 1.46e+06   136.58    87.53   1.72
63.62  22.88   922.84 8.35e+01 1.45e+06   136.65    87.57   1.71
63.71  22.98   921.02 8.34e+01 1.45e+06   136.72    87.60   1.71
63.80  23.08   919.20 8.33e+01 1.44e+06   136.79    87.64   1.71
63.89  23.19   917.35 8.32e+01 1.44e+06   136.85    87.68   1.70
63.99  23.30   915.49 8.31e+01 1.43e+06   136.92    87.72   1.70
64.08  23.42   913.64 8.30e+01 1.43e+06   136.99    87.76   1.70
64.17  23.55   911.79 8.29e+01 1.43e+06   137.06    87.80   1.69
64.27  23.69   909.92 8.28e+01 1.42e+06   137.12    87.84   1.69
64.36  23.83   908.05 8.27e+01 1.42e+06   137.19    87.88   1.69
64.46  23.99   906.17 8.26e+01 1.41e+06   137.26    87.92   1.68
64.55  24.15   904.26 8.25e+01 1.41e+06   137.33    87.96   1.68
64.65  24.32   902.34 8.24e+01 1.40e+06   137.40    88.00   1.67
64.75  24.50   900.45 8.23e+01 1.40e+06   137.47    88.04   1.67
64.85  24.70   898.55 8.22e+01 1.39e+06   137.53    88.08   1.67
64.95  24.90   896.64 8.21e+01 1.39e+06   137.60    88.12   1.66
65.05  25.12   894.70 8.20e+01 1.38e+06   137.67    88.16   1.66
65.15  25.36   892.74 8.19e+01 1.38e+06   137.74    88.20   1.66
65.25  25.61   890.78 8.18e+01 1.37e+06   137.81    88.24   1.65
65.35  25.89   888.79 8.17e+01 1.37e+06   137.88    88.28   1.65
65.46  26.17   886.79 8.16e+01 1.36e+06   137.96    88.32   1.65
65.56  26.48   884.80 8.15e+01 1.36e+06   138.03    88.36   1.64
65.67  26.81   882.74 8.14e+01 1.35e+06   138.10    88.40   1.64
65.77  27.16   880.67 8.13e+01 1.35e+06   138.17    88.44   1.63
65.88  27.54   878.59 8.12e+01 1.34e+06   138.25    88.49   1.63
65.99  27.95   876.50 8.11e+01 1.34e+06   138.32    88.53   1.63
66.11  28.41   874.40 8.10e+01 1.33e+06   138.40    88.57   1.62
66.22  28.91   872.23 8.08e+01 1.33e+06   138.47    88.62   1.62
66.34  29.46   870.04 8.07e+01 1.32e+06   138.55    88.66   1.62
66.46  30.05   867.82 8.06e+01 1.31e+06   138.63    88.71   1.61
66.58  30.68   865.54 8.05e+01 1.31e+06   138.71    88.75   1.61
66.70  31.37   863.25 8.03e+01 1.30e+06   138.79    88.80   1.60
66.83  32.14   860.87 8.02e+01 1.30e+06   138.87    88.85   1.60
66.96  33.03   858.44 8.01e+01 1.29e+06   138.95    88.90   1.59
67.09  34.08   855.99 7.99e+01 1.28e+06   139.04    88.95   1.59
67.23  35.29   853.45 7.98e+01 1.28e+06   139.13    89.00   1.58
67.37  36.65   850.82 7.96e+01 1.27e+06   139.22    89.05   1.58
67.52  38.16   848.09 7.95e+01 1.26e+06   139.31    89.10   1.57
67.68  39.11   845.24 7.93e+01 1.26e+06   139.41    89.16   1.57
67.84  39.27   842.31 7.91e+01 1.25e+06   139.51    89.22   1.56
68.00  39.58   839.29 7.90e+01 1.24e+06   139.61    89.28   1.56
68.16  40.61   836.45 7.88e+01 1.24e+06   139.71    89.33   1.55
68.33  46.13   833.44 7.86e+01 1.23e+06   139.81    89.39   1.55
68.52  51.39   830.06 7.84e+01 1.22e+06   139.93    89.46   1.54
68.73  56.45   826.32 7.82e+01 1.21e+06   140.06    89.53   1.53
68.97  61.37   822.25 7.79e+01 1.20e+06   140.19    89.62   1.53
69.22  66.19   817.86 7.76e+01 1.19e+06   140.34    89.70   1.52
69.49  70.93   813.17 7.73e+01 1.18e+06   140.50    89.79   1.51
69.78  75.61   808.18 7.70e+01 1.17e+06   140.67    89.89   1.50
70.09  80.23   802.90 7.67e+01 1.15e+06   140.85    89.99   1.49
70.42  84.79   797.35 7.63e+01 1.14e+06   141.03    90.10   1.48
70.77  89.30   791.53 7.59e+01 1.12e+06   141.22    90.21   1.47
71.13  93.75   785.47 7.55e+01 1.11e+06   141.42    90.33   1.46
71.51  98.16   779.16 7.51e+01 1.09e+06   141.63    90.45   1.45
71.91 102.51   772.62 7.47e+01 1.08e+06   141.84    90.57   1.43
72.33 106.80   765.85 7.42e+01 1.06e+06   142.06    90.70   1.42
72.76 111.03   758.88 7.37e+01 1.04e+06   142.28    90.83   1.41
73.21 115.20   751.71 7.32e+01 1.03e+06   142.51    90.96   1.40
73.68 119.31   744.36 7.27e+01 1.01e+06   142.74    91.09   1.38
74.16 123.35   736.83 7.21e+01 9.91e+05   142.97    91.23   1.37
74.66 127.32   729.14 7.16e+01 9.73e+05   143.21    91.37   1.35
75.18 131.22   721.30 7.10e+01 9.55e+05   143.45    91.51   1.34
75.71 135.04   713.32 7.04e+01 9.36e+05   143.69    91.65   1.33
76.25 138.78   705.21 6.98e+01 9.17e+05   143.93    91.79   1.31
76.81 142.45   696.99 6.92e+01 8.98e+05   144.18    91.93   1.29
77.39 146.03   688.66 6.86e+01 8.78e+05   144.42    92.08   1.28
77.98 149.53   680.25 6.79e+01 8.59e+05   144.67    92.22   1.26
78.58 152.95   671.75 6.73e+01 8.40e+05   144.91    92.36   1.25
79.20 156.28   663.19 6.66e+01 8.20e+05   145.15    92.51   1.23
79.83 159.52   654.57 6.59e+01 8.01e+05   145.39    92.65   1.22
80.47 162.67   645.90 6.52e+01 7.81e+05   145.63    92.79   1.20
81.13 165.73   637.19 6.45e+01 7.62e+05   145.87    92.93   1.18
81.79 167.66   628.46 6.38e+01 7.43e+05   146.11    93.07   1.17
82.46 167.67   619.82 6.31e+01 7.24e+05   146.34    93.21   1.15
83.14 170.57   611.26 6.23e+01 7.06e+05   146.57    93.34   1.14
83.82 173.39   602.68 6.16e+01 6.87e+05   146.79    93.47   1.12
84.52 176.11   594.10 6.09e+01 6.69e+05   147.01    93.60   1.10
85.23 178.75   585.53 6.01e+01 6.51e+05   147.23    93.73   1.09
85.95 181.30   576.97 5.94e+01 6.33e+05   147.44    93.86   1.07
86.68 183.76   568.44 5.87e+01 6.16e+05   147.65    93.99   1.06
87.42 186.13   559.93 5.79e+01 5.99e+05   147.86    94.11   1.04
88.16 188.42   551.46 5.72e+01 5.82e+05   148.06    94.23   1.03
88.92 190.63   543.04 5.64e+01 5.65e+05   148.26    94.35   1.01
89.69 192.75   534.66 5.56e+01 5.48e+05   148.45    94.47   0.99
90.46 194.79   526.33 5.49e+01 5.32e+05   148.64    94.58   0.98
91.24 196.75   518.06 5.41e+01 5.16e+05   148.83    94.70   0.96
92.03 198.64   509.86 5.34e+01 5.01e+05   149.01    94.81   0.95
92.83 200.44   501.72 5.26e+01 4.86e+05   149.19    94.91   0.93
93.63 202.17   493.66 5.19e+01 4.71e+05   149.36    95.02   0.92
94.45 203.83   485.67 5.11e+01 4.56e+05   149.53    95.12   0.90
95.26 205.41   477.77 5.04e+01 4.42e+05   149.69    95.22   0.89
96.09 206.93   469.94 4.96e+01 4.28e+05   149.85    95.32   0.87
96.92 208.38   462.20 4.89e+01 4.14e+05   150.01    95.42   0.86
97.75 209.77   454.55 4.81e+01 4.01e+05   150.16    95.51   0.85
98.59 211.09   446.99 4.74e+01 3.88e+05   150.30    95.60   0.83
99.44 212.35   439.52 4.67e+01 3.76e+05   150.44    95.69   0.82
100.29 213.55   432.14 4.60e+01 3.64e+05   150.58    95.77   0.80
101.15 214.69   424.86 4.52e+01 3.52e+05   150.71    95.86   0.79
102.01 215.78   417.67 4.45e+01 3.40e+05   150.84    95.94   0.78
102.87 216.82   410.58 4.38e+01 3.29e+05   150.96    96.02   0.77
103.74 217.81   403.59 4.31e+01 3.18e+05   151.08    96.09   0.75
104.61 218.75   396.70 4.24e+01 3.08e+05   151.20    96.17   0.74
105.49 219.64   389.91 4.18e+01 2.97e+05   151.31    96.24   0.73
106.37 220.48   383.21 4.11e+01 2.87e+05   151.42    96.31   0.71
107.25 221.28   376.61 4.04e+01 2.78e+05   151.52    96.38   0.70
108.14 222.05   370.12 3.98e+01 2.68e+05   151.62    96.44   0.69
109.03 222.77   363.72 3.91e+01 2.59e+05   151.72    96.51   0.68
109.92 223.45   357.42 3.85e+01 2.50e+05   151.81    96.57   0.67
110.82 224.10   351.22 3.78e+01 2.42e+05   151.90    96.63   0.66
111.71 224.71   345.11 3.72e+01 2.34e+05   151.99    96.69   0.64
112.61 225.29   339.11 3.66e+01 2.26e+05   152.07    96.74   0.63
113.52 225.84   333.20 3.60e+01 2.18e+05   152.15    96.80   0.62
114.42 226.36   327.38 3.54e+01 2.10e+05   152.23    96.85   0.61
115.33 226.85   321.66 3.48e+01 2.03e+05   152.30    96.90   0.60
116.23 227.32   316.03 3.42e+01 1.96e+05   152.37    96.95   0.59
117.14 227.76   310.50 3.36e+01 1.89e+05   152.44    97.00   0.58
118.06 228.17   305.06 3.30e+01 1.83e+05   152.50    97.04   0.57
118.97 228.56   299.71 3.25e+01 1.76e+05   152.56    97.09   0.56
119.88 228.93   294.45 3.19e+01 1.70e+05   152.62    97.13   0.55
